4|-5.76|-51.83|-34.43|42.66|
1|40.35|-47.14|6.84|37.17|
2|-23.02|-30.83|48.33|33.66|
5|36.98|-1.92|41.20|-39.31|
9|18.64|11.28|30.55|19.92|
8|55.57|-43.80|-37.46|-23.85|
9|35.53|46.67|16.27|11.91|
4|25.59|-16.29|-3.55|27.80|
2|-32.47|14.98|48.69|59.74|
10|-2.58|-63.12|33.98|-15.30|
8|4.11|-36.79|-53.65|29.67|
1|32.47|-37.68|31.36|47.24|
2|-25.38|-6.55|56.68|47.03|
5|21.80|10.38|20.42|-48.07|
9|15.00|24.05|27.54|20.89|
8|38.73|-33.10|-52.24|-17.50|
9|39.13|43.62|2.35|12.37|
4|14.05|-5.04|-3.45|26.57|
2|-48.95|-1.33|47.24|54.08|
10|-1.96|-49.29|28.11|-12.05|
4|9.70|-35.77|-27.98|36.14|
1|34.99|-62.32|44.27|47.09|
2|-28.02|-6.63|55.79|55.13|
5|5.93|1.51|35.34|-49.91|
9|8.91|11.43|25.43|23.02|
8|32.89|-44.59|-57.44|-20.80|
9|37.38|14.95|9.57|23.27|
4|22.91|3.90|-19.21|27.59|
2|-29.56|8.87|38.89|43.21|
7|5.84|-57.60|37.67|-17.28|
4|1.11|-46.15|-41.39|49.21|
1|27.24|-51.31|34.75|28.65|
2|-26.38|-15.53|51.23|61.00|
5|24.50|3.35|30.44|-46.30|
9|12.34|10.32|14.02|15.17|
8|34.65|-37.76|-51.32|-28.60|
9|43.37|40.82|13.93|18.46|
4|0.91|-14.58|-7.48|22.70|
2|-31.69|4.23|47.33|46.07|
10|15.70|-61.33|29.45|-16.23|
8|-9.92|-43.66|-42.50|29.04|
1|44.02|-29.31|9.15|44.01|
2|-39.18|-14.72|45.98|40.63|
5|25.30|15.07|27.71|-44.62|
6|10.48|5.94|18.07|20.30|
8|51.58|-54.51|-46.12|-23.13|
9|49.77|31.15|3.94|24.16|
4|14.77|4.84|-3.33|30.34|
2|-49.92|-7.32|57.81|50.16|
7|10.44|-47.48|39.02|-20.52|
8|-0.68|-35.22|-32.92|20.09|
1|54.04|-35.69|23.96|42.60|
2|-38.28|-14.02|54.63|33.08|
5|22.76|15.48|21.44|-52.22|
6|14.02|4.64|22.55|23.25|
8|32.87|-40.65|-54.05|-17.77|
9|62.29|30.79|7.72|26.02|
4|9.99|-10.82|-0.85|29.11|
2|-29.25|-1.75|49.20|42.48|
7|1.39|-46.85|48.98|-15.90|
4|-21.72|-33.70|-20.43|44.36|
1|54.72|-44.36|27.51|38.28|
2|-42.41|-16.67|39.19|34.79|
5|16.83|-3.69|24.80|-44.05|
6|26.11|-3.06|34.87|6.47|
8|35.93|-56.81|-29.99|-24.20|
9|33.46|31.98|2.74|18.76|
9|28.46|4.58|9.88|31.21|
2|-27.69|2.84|37.41|46.25|
7|11.62|-48.70|34.61|-11.30|
8|2.14|-48.88|-35.54|28.91|
1|38.01|-55.89|28.80|54.26|
2|-13.69|-16.11|56.65|50.05|
5|24.06|-1.59|30.89|-47.67|
6|5.98|1.34|12.71|17.89|
8|56.18|-57.99|-48.16|-15.20|
9|50.36|28.20|-5.99|20.95|
4|14.26|8.44|-11.29|23.63|
2|-45.07|1.95|26.95|54.38|
7|-0.49|-37.37|31.29|-18.93|
4|1.06|-52.13|-33.93|58.27|
1|39.90|-55.97|21.42|36.35|
2|-24.01|-9.69|29.80|47.60|
5|25.74|9.25|25.10|-47.61|
6|4.50|4.38|31.20|7.41|
8|39.83|-49.72|-35.95|-12.72|
9|37.38|48.29|8.08|33.99|
6|-0.38|-4.34|2.75|12.76|
2|-39.64|1.85|49.10|45.63|
10|-7.02|-47.89|36.09|1.24|
8|-11.55|-37.86|-38.37|23.61|
1|24.43|-53.72|7.54|43.13|
2|-37.38|-14.83|44.04|48.66|
5|28.73|-9.19|30.45|-45.42|
9|11.58|25.03|32.13|12.98|
8|49.95|-46.86|-50.76|-33.19|
9|69.58|20.64|12.29|16.62|
4|15.91|-9.04|-2.97|21.41|
2|-18.34|6.64|43.26|50.07|
10|-8.37|-43.55|25.11|-11.80|
4|-9.13|-33.86|-49.28|41.39|
1|37.30|-49.89|40.99|21.49|
2|-37.45|-25.54|43.83|49.16|
5|3.94|1.38|32.93|-64.43|
6|12.01|0.23|33.48|14.42|
8|48.64|-53.98|-42.53|-22.69|
9|51.48|41.97|12.12|25.40|
4|9.86|-16.38|-7.28|17.30|
2|-38.23|11.93|39.21|53.48|
10|-1.25|-64.05|32.86|-15.76|
10|-13.67|-52.97|-35.73|36.59|
1|38.47|-50.07|34.61|54.52|
2|-10.47|-17.63|53.93|48.72|
5|31.83|11.29|16.94|-68.23|
6|7.69|0.42|24.66|14.51|
8|31.89|-48.45|-45.82|-24.45|
9|38.98|25.80|7.89|18.30|
4|33.56|-11.06|-13.31|24.41|
2|-50.15|17.12|46.65|50.77|
7|4.58|-47.38|31.34|-15.98|
4|-7.00|-39.02|-34.30|30.62|
1|52.69|-42.55|21.05|45.57|
2|-26.80|-15.71|51.98|40.05|
5|41.02|5.76|29.86|-45.90|
6|14.10|5.84|13.67|-1.24|
8|51.94|-54.42|-40.14|-10.09|
9|51.97|37.21|-6.38|34.35|
4|12.66|-13.55|-12.09|17.17|
2|-47.95|-0.65|31.43|38.19|
10|3.58|-61.19|21.39|-14.69|
4|-0.67|-37.63|-33.41|38.58|
1|54.81|-42.49|21.11|32.35|
2|-34.73|-12.67|58.57|37.09|
5|23.16|0.31|26.37|-55.14|
6|17.67|5.11|13.84|5.81|
8|44.30|-48.07|-32.72|-18.95|
9|32.00|37.06|9.98|19.18|
4|23.29|-24.00|0.22|27.57|
2|-30.64|9.14|49.04|44.52|
10|-1.62|-51.79|21.88|-15.52|
8|2.12|-44.53|-23.49|20.00|
1|34.00|-58.28|19.89|24.05|
2|-13.72|-21.26|50.04|39.68|
5|25.25|-3.73|27.75|-43.44|
6|10.29|1.54|25.70|38.15|
8|50.31|-51.90|-41.30|-23.54|
9|55.11|32.57|16.54|29.31|
4|21.41|-9.76|-4.10|21.45|
2|-34.92|4.68|45.30|54.40|
10|-4.31|-51.88|31.70|-12.21|
8|-1.39|-35.25|-34.91|21.17|
1|40.44|-30.39|20.52|47.23|
2|-33.60|-17.85|58.54|44.67|
5|34.90|1.35|26.55|-45.97|
4|27.34|-1.22|8.21|7.30|
8|32.11|-54.62|-29.41|-16.30|
9|49.54|25.32|0.21|37.88|
4|3.40|-14.75|-8.49|13.57|
2|-22.42|-3.01|19.20|39.85|
10|-18.57|-42.30|36.90|-7.68|
8|-1.12|-42.95|-44.13|28.69|
1|41.58|-62.74|18.45|46.16|
2|-31.78|-15.93|49.40|48.14|
5|13.79|-2.73|22.47|-59.52|
9|21.59|8.87|18.89|12.17|
8|41.61|-44.89|-34.66|-28.16|
9|40.30|27.43|7.52|30.03|
4|12.79|-7.50|0.44|14.63|
2|-36.15|3.37|45.71|34.36|
6|-0.97|-32.64|52.76|-7.55|
4|-2.66|-25.23|-28.48|42.19|
1|45.02|-56.56|14.07|35.65|
2|-43.43|-13.10|54.24|42.48|
5|29.58|-4.18|33.37|-43.04|
6|17.21|4.67|28.87|17.72|
8|41.02|-39.99|-25.01|-31.48|
9|52.22|41.05|-1.18|30.14|
4|3.30|-18.90|-10.74|29.72|
2|-53.59|-3.96|50.99|73.96|
10|-3.19|-44.96|29.60|-12.03|
4|-1.75|-34.78|-36.56|30.90|
1|43.93|-53.55|26.81|46.47|
2|-26.37|-27.48|47.13|37.96|
5|11.12|9.91|23.40|-56.44|
9|24.69|8.05|35.55|34.90|
8|37.12|-49.89|-34.24|-15.03|
9|54.36|30.25|-2.09|19.86|
4|25.22|-13.60|-9.88|28.07|
2|-36.80|12.53|34.06|71.35|
10|6.91|-64.24|25.90|-15.65|
8|-0.75|-44.23|-40.89|25.56|
1|46.05|-44.55|22.41|38.58|
2|-28.66|-13.09|53.09|55.37|
5|30.39|5.25|38.97|-33.22|
9|29.99|13.47|30.12|-0.57|
8|48.07|-46.06|-40.39|-23.55|
9|54.94|29.98|4.55|20.05|
4|17.61|-5.85|1.61|23.66|
2|-33.01|6.52|37.06|39.41|
7|3.42|-41.83|35.19|-18.56|
4|-8.23|-38.94|-29.03|43.50|
1|33.57|-57.45|25.46|52.15|
2|-49.14|-17.62|50.11|45.41|
5|38.00|4.13|11.67|-39.42|
9|9.15|9.49|16.87|24.19|
8|40.61|-48.42|-36.74|-19.10|
9|52.26|28.59|-2.90|23.66|
4|29.33|-8.64|1.38|31.75|
2|-24.57|8.56|58.60|54.09|
7|-11.21|-54.60|28.61|-30.27|
8|6.69|-47.22|-34.91|21.61|
1|54.41|-42.44|20.07|39.01|
2|-40.23|-12.32|47.27|61.35|
5|23.04|4.77|30.47|-47.97|
9|21.29|16.03|10.88|15.88|
8|35.61|-58.83|-33.42|-28.43|
9|53.83|15.05|4.23|28.30|
4|19.16|-15.99|-8.85|18.11|
2|-35.72|5.39|32.30|41.66|
10|-15.47|-54.89|28.82|-6.55|
4|-14.87|-39.78|-41.57|40.99|
1|47.01|-59.28|17.25|32.80|
2|-37.10|-8.79|33.83|46.52|
5|19.82|7.07|25.25|-40.07|
6|10.68|9.99|22.82|12.31|
8|53.07|-45.24|-39.71|-19.35|
9|47.90|26.99|4.78|37.13|
4|4.44|-21.94|-2.96|27.55|
2|-34.13|6.35|48.99|38.60|
10|5.79|-56.51|37.68|-8.57|
4|-0.54|-39.78|-14.07|37.47|
1|55.94|-47.61|24.69|52.13|
2|-40.67|-15.46|42.86|23.84|
5|15.21|10.51|34.64|-62.35|
9|15.47|5.29|15.36|19.15|
8|31.15|-48.69|-47.86|-25.06|
9|60.31|25.16|0.95|26.43|
4|11.34|-23.96|-0.30|22.01|
2|-37.15|-0.06|40.03|57.00|
7|-3.46|-45.45|46.77|-13.86|
8|-9.62|-44.22|-40.04|32.28|
1|44.51|-48.63|32.26|39.28|
2|-26.84|-20.04|52.99|45.60|
5|33.57|7.69|25.72|-45.51|
9|23.09|13.90|13.97|12.31|
8|52.95|-50.90|-45.77|-27.08|
9|50.83|23.95|-0.74|27.25|
4|31.95|-2.96|2.38|25.94|
2|-33.48|16.56|50.35|55.63|
10|11.89|-56.84|28.24|-9.30|
4|-2.56|-44.19|-37.15|48.70|
1|50.56|-51.59|19.64|42.42|
2|-38.28|-0.36|50.12|33.71|
5|29.06|-0.64|9.72|-59.12|
9|20.37|15.86|27.87|25.89|
8|48.78|-49.20|-30.81|-24.29|
9|49.44|29.63|-3.96|31.35|
8|34.69|-9.24|-11.73|9.19|
2|-46.40|-2.13|42.56|38.51|
10|0.79|-55.18|36.92|-12.63|
4|-5.68|-45.04|-40.52|36.15|
1|40.74|-45.59|25.98|50.58|
2|-29.84|-17.03|70.22|51.48|
5|21.04|8.54|34.92|-42.86|
6|20.84|3.05|29.32|21.50|
8|42.39|-48.57|-45.91|-20.31|
9|42.16|34.81|1.64|32.30|
4|7.29|-3.10|-5.36|26.12|
2|-28.40|15.06|47.14|53.92|
7|-0.44|-46.09|36.83|-25.62|
8|0.93|-41.77|-29.74|30.18|
1|49.32|-51.49|36.58|48.90|
2|-40.70|-12.22|56.43|44.94|
5|32.41|9.44|23.46|-57.21|
6|8.86|12.15|36.15|26.00|
8|44.48|-57.02|-40.26|-19.17|
9|46.19|35.09|5.39|49.35|
8|21.12|-7.41|-17.20|7.64|
2|-42.06|-14.64|41.70|43.65|
7|7.36|-40.51|36.88|-18.92|
10|-21.72|-51.26|-19.44|30.49|
1|46.41|-48.02|25.03|44.03|
2|-19.67|-30.31|58.77|42.25|
5|25.52|1.82|20.56|-44.07|
9|30.60|4.87|28.81|21.34|
8|38.16|-39.97|-39.08|-9.34|
9|55.59|37.50|12.86|36.55|
4|7.22|-17.99|-1.45|41.86|
2|-35.65|9.56|44.45|49.24|
10|5.83|-52.45|42.44|-8.06|
8|-5.54|-42.63|-39.85|26.06|
1|44.98|-39.36|7.89|40.93|
2|-33.89|-9.89|56.06|39.56|
5|27.57|-5.62|31.43|-50.66|
9|18.96|13.57|20.47|14.95|
8|29.23|-43.95|-35.88|-28.52|
9|38.80|33.48|15.03|23.92|
4|16.55|-6.82|-0.96|29.49|
2|-40.68|8.33|52.87|69.55|
7|-3.14|-54.71|34.67|-24.07|
4|-23.94|-36.14|-51.14|42.36|
1|27.10|-41.99|25.02|27.17|
2|-34.68|-12.13|47.00|36.18|
5|23.94|3.59|39.32|-61.51|
9|17.90|11.02|15.60|13.67|
8|37.44|-38.60|-47.87|-24.03|
9|57.74|29.20|5.41|19.42|
4|8.82|-9.74|-7.22|28.30|
2|-31.61|-6.23|33.00|51.88|
7|19.29|-49.65|32.35|-14.41|
4|-6.39|-36.37|-43.21|48.67|
1|44.98|-45.22|13.79|47.55|
2|-9.09|-25.11|59.68|48.62|
5|29.22|15.61|38.15|-32.06|
6|26.57|9.02|25.06|3.36|
8|43.61|-41.30|-45.47|-17.31|
9|55.63|30.86|5.12|33.48|
9|29.69|1.17|14.79|17.93|
2|-37.99|-13.98|39.96|51.11|
10|-2.66|-57.11|36.39|-14.28|
8|-1.25|-49.52|-34.99|35.42|
1|31.34|-48.30|14.78|34.85|
2|-24.78|-5.18|38.65|54.55|
5|20.45|-4.35|-2.29|-46.40|
4|4.67|2.22|1.31|10.07|
8|35.24|-60.35|-32.46|-24.66|
9|42.32|26.79|13.71|18.04|
4|20.53|-15.68|-6.44|33.64|
2|-30.30|6.05|21.17|49.95|
10|-13.55|-59.59|26.18|-11.16|
10|-21.52|-45.06|-48.93|34.12|
1|41.90|-46.26|37.44|30.34|
2|-33.56|-17.62|35.10|61.52|
5|23.92|6.27|15.81|-49.78|
9|30.78|4.50|22.28|15.98|
8|42.94|-56.35|-53.06|-19.87|
9|50.41|28.34|4.97|26.55|
4|23.78|-18.20|-7.97|36.38|
2|-29.36|23.97|38.93|49.10|
10|-5.11|-59.12|35.43|-17.64|
8|2.58|-50.26|-40.81|31.56|
1|42.84|-32.97|38.75|36.99|
2|-36.14|-12.94|47.69|40.20|
5|22.09|2.83|35.09|-61.53|
9|9.39|19.22|20.71|16.27|
8|49.61|-62.52|-27.65|-25.92|
9|49.33|24.32|2.63|13.16|
4|21.07|-3.83|-11.87|32.93|
2|-23.85|3.62|49.97|29.94|
7|6.11|-58.98|34.21|-24.94|
4|-0.02|-45.38|-42.77|39.97|
1|38.84|-57.28|34.72|51.69|
2|-39.59|-8.06|56.63|46.73|
5|27.72|-4.88|11.82|-33.78|
6|20.01|-4.40|12.02|16.20|
8|50.21|-40.51|-41.04|-22.88|
9|60.27|40.93|14.24|31.02|
4|7.50|-20.67|-10.24|38.19|
2|-36.88|5.07|37.05|46.60|
10|1.96|-65.36|30.19|-9.01|
10|-10.50|-47.03|-25.86|34.17|
1|41.06|-51.39|32.70|48.67|
2|-31.48|-10.70|63.46|48.28|
5|24.49|-5.66|23.87|-51.02|
9|26.17|3.99|23.44|14.44|
8|48.74|-49.16|-33.45|-16.21|
9|45.17|35.46|1.52|28.75|
4|26.06|-8.79|-8.28|15.06|
2|-23.43|-4.12|52.85|46.94|
10|-9.48|-56.33|21.32|-23.00|
8|-6.46|-49.25|-40.20|34.01|
1|46.36|-46.50|12.84|31.68|
2|-28.44|-12.53|50.84|38.51|
5|27.85|-11.94|24.69|-60.89|
9|17.06|6.26|28.90|29.77|
8|29.28|-51.64|-32.27|-26.56|
4|53.47|17.47|-8.35|33.67|
4|15.68|-17.26|-13.38|34.46|
2|-36.32|-1.53|36.01|48.79|
7|3.17|-59.81|23.00|-27.14|
10|-5.37|-46.30|-25.55|19.01|
1|31.89|-52.92|25.45|41.97|
2|-25.25|-12.15|49.60|40.55|
5|33.25|13.42|28.91|-35.42|
9|13.72|17.90|14.66|23.83|
8|46.86|-56.99|-50.71|-18.31|
9|51.41|25.30|-1.79|34.49|
4|9.81|-8.45|-9.77|16.39|
2|-29.02|28.75|59.37|27.27|
7|9.09|-61.22|31.92|-26.40|
8|4.94|-40.97|-42.12|25.70|
1|42.36|-48.52|30.92|36.75|
2|-29.02|-16.78|52.77|40.46|
5|40.39|1.08|22.19|-55.05|
9|23.29|10.54|23.08|23.54|
8|35.48|-45.15|-43.22|-21.51|
9|41.41|26.71|5.53|20.51|
4|15.16|-4.69|-33.36|21.72|
2|-36.03|13.96|44.43|42.65|
7|-9.31|-46.69|39.19|-21.86|
10|-13.48|-52.36|-44.11|39.99|
1|42.82|-75.44|10.23|43.78|
2|-36.49|-11.90|47.53|42.11|
5|13.40|-3.26|37.21|-47.04|
6|26.52|4.05|34.00|4.91|
8|43.76|-65.24|-38.60|-23.00|
9|54.26|20.36|10.43|8.00|
4|18.30|-8.58|-9.01|10.45|
2|-17.39|10.16|38.36|42.29|
10|9.04|-51.45|31.37|-3.42|
4|-0.20|-48.50|-26.23|42.23|
1|41.09|-51.81|32.89|44.25|
2|-26.52|-14.04|43.54|47.48|
5|21.72|-13.17|25.70|-40.01|
9|30.09|12.45|34.64|19.16|
8|43.92|-62.51|-45.71|-25.62|
9|50.55|34.39|-0.77|15.01|
4|24.03|-1.97|-12.86|19.65|
2|-41.98|-8.64|37.87|30.79|
7|6.39|-42.80|28.05|-16.32|
4|-13.86|-39.65|-37.21|45.33|
1|35.61|-56.78|27.33|47.17|
2|-25.48|-25.35|56.51|50.55|
5|29.76|10.90|20.07|-53.35|
6|20.69|-7.22|32.63|20.74|
8|48.36|-32.86|-51.63|-10.68|
9|52.81|32.06|-10.19|24.51|
4|20.16|-10.32|-8.31|17.37|
2|-44.40|10.70|47.03|51.92|
10|-6.84|-38.81|26.86|1.70|
4|9.32|-38.28|-39.55|31.58|
1|58.25|-39.17|21.07|65.86|
2|-17.55|-23.93|60.07|53.14|
5|36.29|2.34|27.30|-48.53|
9|18.95|13.27|20.46|17.24|
8|39.59|-41.85|-36.36|-36.08|
9|47.73|24.08|3.06|34.04|
4|14.81|-10.21|-0.85|11.41|
2|-31.03|23.02|32.72|62.40|
10|1.70|-58.07|38.21|-15.67|
10|-14.78|-52.21|-34.26|34.01|
1|23.35|-48.10|27.04|40.14|
2|-41.28|-15.05|23.81|61.89|
5|22.78|20.67|29.61|-51.49|
9|8.21|9.25|8.81|19.51|
8|44.71|-61.40|-29.97|-17.75|
9|39.40|32.67|-6.11|16.19|
4|16.19|-6.70|2.44|17.81|
2|-47.20|0.79|49.74|45.35|
1|21.47|-48.74|33.26|-8.08|
4|-4.26|-47.45|-32.05|39.24|
1|44.60|-55.27|31.10|31.85|
2|-30.24|-22.13|57.06|53.12|
5|21.42|6.20|27.62|-48.76|
9|13.64|13.58|2.44|1.41|
8|42.50|-55.20|-46.48|-12.73|
9|53.26|24.44|9.35|6.47|
4|13.64|-7.82|-19.21|17.36|
2|-33.78|9.41|40.27|43.73|
10|5.23|-68.58|39.82|-15.04|
4|1.74|-46.61|-31.24|38.74|
1|34.64|-44.28|22.87|32.07|
2|-10.03|-9.86|49.26|50.49|
5|17.59|22.99|24.75|-44.11|
6|5.15|8.35|24.70|24.87|
8|31.53|-48.25|-43.98|-15.11|
9|31.69|22.57|9.25|25.56|
4|9.32|-4.29|3.20|14.82|
2|-30.64|12.04|36.65|44.70|
6|-3.06|-33.04|30.78|5.08|
8|4.34|-46.61|-40.72|33.94|
1|44.21|-37.63|21.60|32.85|
2|-21.02|-13.69|42.09|60.76|
5|30.87|-7.36|10.95|-50.01|
9|29.46|2.85|26.73|17.88|
8|44.81|-42.84|-43.54|-7.44|
9|35.40|16.20|1.48|25.56|
4|7.24|-12.03|-14.73|27.30|
2|-22.03|5.65|42.09|49.23|
7|-8.39|-53.02|28.78|-22.30|
8|-9.94|-45.74|-48.97|34.23|
1|33.03|-55.50|22.60|52.06|
2|-31.41|-8.91|45.74|42.66|
7|22.62|-16.62|25.32|-58.58|
6|15.75|-7.25|29.79|25.55|
8|47.86|-46.84|-34.65|-20.83|
9|43.52|44.48|8.83|38.98|
4|23.38|-4.27|-15.56|12.65|
2|-40.70|14.97|46.85|35.92|
7|1.74|-36.88|53.71|-11.45|
8|-6.53|-43.50|-48.48|31.40|
1|36.90|-50.51|12.71|34.21|
2|-29.10|-7.14|33.89|46.03|
5|27.70|-5.98|18.56|-47.62|
9|8.65|12.28|4.89|16.96|
8|57.09|-44.40|-42.65|-18.69|
9|52.64|38.58|3.18|21.37|
4|14.93|1.00|-11.98|16.31|
2|-32.75|-11.13|43.43|39.07|
7|7.41|-37.55|29.20|-29.33|
